$ANSIBLE_VAULT;1.1;AES256
65346539376535643739653732333861663262613139616562393437653766346164366465353466
6636313039363936663833653731353466656135356537330a386538386336336433313431343961
38313732646564326365373332373339346163366532626166633830393831663130363063636135
6137626237316435380a616436323130623766306132303533366365343334383264613032336163
31616233616537366435336336343639356263343064346564343537623031333666356234633362
36366666626334666232633939643034336464643634323261623631393064306234346538323933
34623263623737636636373066363864653863633164373137313435336438386264346437653265
64366130653436383030613433613634323839376562346339343864383739363838613838373630
63393663366336323562366438636138636137383633376239336264633137303364356334666464
65313331626634633334333063623166663031333537303032663332346665366138336461653335
38653334363934343539643233343735343037643838303835653832633336326430333731613937
33663736313464666439643730343962663638646234303531386664303365376263376635616536
30653063633839316331383461383937346565383861643337313264323736356261373735303032
61363261363830326137623836373734626365633036613630363666366630633433346331643133
62303130353531633466306565326534626263663833353466383532393231633365626537393433
66326461616137393730633833306261633634376431393363313539373962323836653932393833
30656536396132356162653463386635313531306438666632633263393537343666666266343130
38663430653434333765613561353130316665336661643864646236386535653132386664363835
64303961653338653830653638616566363237626435383063353266613236353232383437303231
38663434666433363333336261306265623965373533386563356366316339316565316431363235
66393964373134636237333035326366363239353363366432323032313231393665383765653065
33323434313735346336363837346565333433623165343139303961363266613162623637366338
39623563663539316334623136313939653539336461303365663963356332346166393265376431
30306336663539626463646531323632346461623533356430616433373036346534653438316235
61333434383465356638323037633837343433363961393563323839623865373461306235633637
64393865333765633766623930353439333138313335316630356533383038343363363237396263
66616263636331313663353765336438643038353132366330313137666562363537393635343136
34636166373365663630343133346631636164303935343239366336643564306134623837663233
64653761303862666331373336313635613161383736623066353937393236376465396531626434
61316336383666383435363632303538626462373131396233663938306462666133316537613632
63666137333461333264393132376332393533653636316238636435326339613237366535343730
62666333393165313863636536393536353431323965636462303064626239353039636632346338
30343734366237383538323736386331366164336639373635306634333035613666653732396236
36333765323733643131386562333563373436333136633436316364616466393464356137323765
34373037656334373164396237646236663738333238626432343439366331323533383231393333
35303263666434643032613338303363626532366536353661313163383861636239616337643965
63353936336138653134313963326463393330383363303939373563646561396336346138613731
34366261623232346564643233366664396435386363376164623539653737663934363239373262
62626661663866633639623131363761323239383335633238313464656539343966316364646461
65333235323934323930653038636662323536613036653563663630343032373531613036643331
38646438353839613766616166666333626232326164353065376638386631653335353330643637
34653730326532333130393333613239313732643334376236386139643535613031333462623335
33386364613133326662303939306462363836316230313462336565336436306364346131343832
32653339653466373931346638363936646330323535386131373166353631333638643564346262
62333633666664613266316135336434663536613431613064326432383135633832636263306536
64656163313233623238613039656631386336663763653764393566633034656163636362333230
37653039353939616137396233393530633536363433386133363238386539643730333532303166
38383432633033356132623834323835353931306134353635316334313332613636353763656530
66396333386630333163623635353130393263616466326232366334383339383538636461383862
37326362353431396265663365333833366438646262643565366635633736623935656162626363
30616163353061393661636463313136366235656235623735323530666664393730623437636365
33303739386365656132346136373164643065613733313434376531613262343932663164373434
32343666616435333038623334393864356266643032306438323330313766343032386561383838
34643966653232376239376130353038373337636661363137373161373365663964663636313338
63346332623533636533376635663564303237306233396361613638353634326438646562626539
37653838663163323136363231626233626261646564346233343037303134616161346431353432
65613962646662363431363461643739663163653838376133363831626366343336343638393230
33323132376630613533313764333932316231613336346538626139363037306664323463336565
38613039323733633961373530376166633232613964656138323730663666303931653634343536
30316432646533306639343262393662343038313932363631643264633165316464636163346435
63613262353762386534396232313863343436656136303637303037343964316532356533303131
34633862363739333937663539393735393462636339316334323336623531306230383730663136
36623261636161323733643239623363386162396265656531336566626539363535616135386339
36396336373535626630353630623931353464653237623662383239623164616231333361356232
38356431613239333236666632663763633864366533613766663263626563386639316538626234
39396135303034666138356437336565383239666665616530363335383733356266303361373239
64636134383830613739376465633932653762643139313661643933393661393766633434643735
38646536663165616233363838326465653232616339373564383863613563356431366638323662
65376262333630633562353663346335363434393632323663643737333561343331313431643664
38356139666235643930303636643237363837303561313339653535336532633731313632343637
31313162613837633265323062653832343533313364663632643335353732643362633038383033
35393133643733363337653832633364313962366532626333633132363363386332646637623931
66336564333965376166396635396437663435623166343839646139376637643235616535646265
35333332646437613233373665633965343633313030376238333439316166396534376461306663
36313233633438666664376165343633303066646239336235633534343333303732333163633437
37366163366636323563353436356137303264366235313331383466313036383961623166666537
63396464633532333161383462623230616435656661636264396662363435623333636237643231
64333935346130666632303431663462633661623931313863373334613062386430313635626536
66363562333436373263643435313536353536313734376634656139343132653039613762613566
65666133363831616265353766336663326166333930353566366337363266323636323630386333
39616436316430303734396637383965393136663736333333373534376366323335623535303661
65373761646535313239633132633836396461393738376465336133653161633739643666633130
63653436623434326338383935663662643063343330333930396533343164366163663335623635
32666431386632303064343739393031343736613739303164653861646637383962393365353137
30323066303161303337343131343364633066626431373932643130623937313539333433386537
33313536613066626531353664306664613730333463356661663638613465353638363563626439
63623364646635383565383030636234346230616234633663646633653432343735323034313039
33633839623333333564343663343137303239653637373632363063393462313061363761353665
34373965343963336264353132636563663833316634633235356163613932663933666631663065
30313534636361303739363530323836326165663535353632316439366439616162626566313030
34656235353061316663303032646364616563643464303732616434343064363861336533653731
36643031633530616433386235663165306262326561393630336666643735383339326331343530
62383861333632303565343937333330613830616434343531326262316366383439383166646435
36633363303230303834313537366632656165636663633335343431333063306463663162626431
36653164346332376166383765356138663564366536306539303863653839343134316263343665
31356536326131336338613632353033643261323635633236633566303939643266356539306230
37613661326630346431376538656535653465316533396330343464343263636432393764376361
64643365346639333363346331656635613530366531616366303161613839333137326530623332
63643163373332646135343764613034313335623561323065633465323766383131333061623363
32393836336532363131363032303136663865366536366562343039323234343564656564366262
62663831393631333064656638653833656537393163616535666134326162373533326564303665
38363833316166636263633463393065343265636466323937633566376431303134346330393837
37646135323566303230623861356262373163333134636532653336643933646238393935313862
37306338306662656536386532326130376432623061636631663061643737343434343734386535
39633332343938333663313635646566613839313235373236663336623834316639
